[Widgets]
fWidgetSizeMax = 0.900000
fWidget2DSize = 0.900000